============================================================
Linear bias A/B analysis
============================================================
records=360 expected=360

    M  dtype    NoBias us      Bias us     Extra us   Overhead %  Bias share %
-----------------------------------------------------------------------------------
    1    f32      113.405      121.380        7.975         7.03          6.57
    2    f32      114.000      121.985        7.985         7.00          6.55
    4    f32      115.350      125.010        9.660         8.37          7.73
    8    f32      116.830      127.600       10.770         9.22          8.44
   16    f32      120.315      131.500       11.185         9.30          8.51
   32    f32      125.265      138.410       13.145        10.49          9.50
   64    f32      138.000      150.635       12.635         9.16          8.39
  128    f32      226.735      243.225       16.490         7.27          6.78
  256    f32      332.390      356.260       23.870         7.18          6.70
  512    f32      604.055      643.190       39.135         6.48          6.08

    1    f16       31.580       38.780        7.200        22.80         18.57
    2    f16       43.500       51.145        7.645        17.57         14.95
    4    f16       43.545       52.205        8.660        19.89         16.59
    8    f16       43.840       53.495        9.655        22.02         18.05
   16    f16       44.365       54.170        9.805        22.10         18.10
   32    f16       46.180       56.350       10.170        22.02         18.05
   64    f16       51.725       63.680       11.955        23.11         18.77
  128    f16       57.090       72.145       15.055        26.37         20.87
  256    f16       74.615       97.445       22.830        30.60         23.43
  512    f16      147.805      187.260       39.455        26.69         21.07

    1   bf16       31.705       39.390        7.685        24.24         19.51
    2   bf16       44.895       52.595        7.700        17.15         14.64
    4   bf16       44.025       52.855        8.830        20.06         16.71
    8   bf16       44.145       53.835        9.690        21.95         18.00
   16   bf16       44.620       54.335        9.715        21.77         17.88
   32   bf16       46.220       56.615       10.395        22.49         18.36
   64   bf16       51.925       62.850       10.925        21.04         17.38
  128   bf16       57.800       72.745       14.945        25.86         20.54
  256   bf16       75.525       98.270       22.745        30.12         23.15
  512   bf16      147.860      187.495       39.635        26.81         21.14

============================================================
Per-round pair deltas
============================================================

[f32]
M=  1: 8.820, 7.420, 7.380, 7.000, 7.870, 9.250 us
M=  2: 10.580, 8.160, 8.280, 8.090, 6.870, 10.900 us
M=  4: 13.560, 9.480, 9.660, 9.250, 9.550, 14.620 us
M=  8: 16.940, 10.760, 10.830, 10.510, 10.580, 10.450 us
M= 16: 16.720, 10.930, 11.030, 10.830, 10.770, 10.690 us
M= 32: 18.010, 11.780, 11.720, 11.530, 11.300, 12.730 us
M= 64: 17.980, 12.090, 11.980, 12.360, 11.780, 12.650 us
M=128: 21.080, 16.820, 16.590, 16.420, 16.800, 15.210 us
M=256: 24.640, 24.710, 24.770, 23.920, 23.460, 24.280 us
M=512: 37.170, 37.960, 40.310, 36.850, 38.540, 37.910 us

[f16]
M=  1: 8.790, 7.340, 7.250, 6.780, 6.350, 9.100 us
M=  2: 9.940, 7.770, 7.630, 7.510, 7.290, 10.050 us
M=  4: 12.730, 8.820, 8.630, 8.380, 8.670, 8.530 us
M=  8: 16.000, 9.840, 9.650, 9.740, 9.350, 10.090 us
M= 16: 16.030, 9.810, 9.930, 9.800, 9.090, 9.780 us
M= 32: 16.340, 10.490, 10.620, 9.960, 9.990, 11.450 us
M= 64: 17.700, 12.060, 11.990, 11.290, 6.810, 13.020 us
M=128: 14.310, 14.830, 15.280, 15.220, 14.590, 15.330 us
M=256: 22.860, 22.740, 22.790, 22.840, 22.700, 23.260 us
M=512: 40.290, 39.420, 40.140, 39.150, 39.490, 39.490 us

[bf16]
M=  1: 8.710, 7.220, 7.320, 6.890, 8.000, 9.210 us
M=  2: 9.530, 7.460, 7.500, 7.400, 8.000, 9.890 us
M=  4: 12.780, 8.760, 9.220, 8.270, 8.470, 12.970 us
M=  8: 15.800, 8.830, 9.790, 9.610, 9.970, 9.750 us
M= 16: 15.890, 9.820, 9.800, 6.920, 9.450, 9.820 us
M= 32: 16.420, 10.710, 10.850, 10.070, 9.620, 10.800 us
M= 64: 17.540, 12.110, 11.760, 10.040, 11.610, 12.560 us
M=128: 14.930, 15.070, 15.550, 14.860, 12.940, 16.150 us
M=256: 22.600, 22.540, 23.390, 23.030, 22.600, 22.970 us
M=512: 38.840, 39.010, 40.450, 40.280, 39.670, 40.010 us
