============================================================
Linear M-sweep analysis
============================================================
records=180 expected=180

Median-of-medians

    M  dtype       MoM us       min us       max us       TFLOPS     lat/M1      TP/M1
--------------------------------------------------------------------------------------
    1    f32      113.945      113.240      115.020        0.294      1.000      1.000
    2    f32      114.185      114.070      115.580        0.588      1.002      1.996
    4    f32      115.625      115.390      116.770        1.161      1.015      3.942
    8    f32      117.040      116.850      117.370        2.294      1.027      7.788
   16    f32      120.985      119.940      122.950        4.437      1.062     15.069
   32    f32      125.935      124.150      128.450        8.526      1.105     28.953
   64    f32      137.990      137.330      139.560       15.563      1.211     52.848
  128    f32      227.125      226.820      236.760       18.910      1.993     64.216
  256    f32      337.265      336.910      337.730       25.469      2.960     86.490
  512    f32      602.790      601.140      604.210       28.501      5.290     96.783

    1    f16       31.625       31.180       32.970        1.061      1.000      1.000
    2    f16       50.065       48.850       52.720        1.340      1.583      1.263
    4    f16       50.140       49.870       52.880        2.677      1.585      2.523
    8    f16       50.520       50.020       52.890        5.313      1.597      5.008
   16    f16       51.095       50.980       51.380       10.507      1.616      9.903
   32    f16       52.735       52.330       55.020       20.361      1.668     19.190
   64    f16       57.305       56.210       59.460       37.475      1.812     35.320
  128    f16       63.185       62.260       64.680       67.974      1.998     64.066
  256    f16       75.195       74.660       76.230      114.235      2.378    107.667
  512    f16      153.590      152.940      154.170      111.855      4.857    105.424

    1   bf16       31.785       31.410       33.120        1.056      1.000      1.000
    2   bf16       50.345       49.490       50.500        1.333      1.584      1.263
    4   bf16       50.710       50.250       53.040        2.647      1.595      2.507
    8   bf16       50.830       50.370       53.010        5.281      1.599      5.003
   16   bf16       51.360       51.030       53.460       10.453      1.616      9.902
   32   bf16       52.810       52.710       55.100       20.332      1.661     19.260
   64   bf16       57.280       57.010       59.450       37.491      1.802     35.514
  128   bf16       63.625       62.450       66.080       67.504      2.002     63.945
  256   bf16       75.985       75.780       77.240      113.048      2.391    107.086
  512   bf16      153.745      153.240      154.080      111.743      4.837    105.850

============================================================
Per-round medians
============================================================

[f32]
M=  1: 114.880, 113.830, 114.060, 115.020, 113.240, 113.590 us
M=  2: 115.420, 114.180, 114.170, 115.580, 114.190, 114.070 us
M=  4: 115.420, 115.620, 115.710, 116.770, 115.390, 115.630 us
M=  8: 116.850, 117.070, 117.010, 116.900, 117.370, 117.280 us
M= 16: 120.140, 121.000, 120.970, 121.680, 122.950, 119.940 us
M= 32: 124.470, 128.450, 126.250, 125.620, 127.170, 124.150 us
M= 64: 137.890, 138.190, 137.830, 139.560, 137.330, 138.090 us
M=128: 236.760, 227.150, 226.830, 228.200, 226.820, 227.100 us
M=256: 337.140, 337.540, 337.210, 336.910, 337.730, 337.320 us
M=512: 603.120, 602.120, 602.460, 604.210, 603.600, 601.140 us

[f16]
M=  1: 32.620, 31.670, 31.180, 32.970, 31.410, 31.580 us
M=  2: 48.850, 50.290, 49.700, 52.720, 50.220, 49.910 us
M=  4: 49.870, 50.240, 49.870, 52.880, 50.100, 50.180 us
M=  8: 50.390, 50.830, 50.020, 52.890, 50.550, 50.490 us
M= 16: 50.980, 51.180, 50.990, 51.380, 51.220, 51.010 us
M= 32: 52.520, 52.840, 52.680, 55.020, 52.790, 52.330 us
M= 64: 57.040, 57.350, 57.260, 59.460, 56.210, 57.420 us
M=128: 63.240, 63.410, 63.130, 64.680, 62.770, 62.260 us
M=256: 75.240, 75.150, 75.290, 76.230, 74.770, 74.660 us
M=512: 153.660, 154.170, 152.940, 153.050, 153.750, 153.520 us

[bf16]
M=  1: 33.080, 31.780, 31.540, 33.120, 31.410, 31.790 us
M=  2: 49.490, 50.500, 50.330, 50.360, 50.120, 50.500 us
M=  4: 51.750, 50.830, 50.250, 53.040, 50.540, 50.590 us
M=  8: 50.560, 51.160, 50.370, 53.010, 50.910, 50.750 us
M= 16: 51.510, 51.400, 51.030, 53.460, 51.220, 51.320 us
M= 32: 52.820, 52.820, 52.790, 55.100, 52.800, 52.710 us
M= 64: 57.170, 57.390, 57.010, 59.450, 57.450, 57.050 us
M=128: 63.500, 64.510, 63.650, 66.080, 63.600, 62.450 us
M=256: 75.780, 76.050, 76.190, 77.240, 75.830, 75.920 us
M=512: 154.080, 153.870, 154.050, 153.240, 153.620, 153.370 us
